The method is 2023_03_04_14_48_56_79
DUTS:  0.907,  0.868,  0.030,  0.865,  0.918,  0.903
HKU-IS:  0.945,  0.922,  0.025,  0.913,  0.957,  0.925
PASCAL-S:  0.878,  0.842,  0.063,  0.825,  0.859,  0.854
ECSSD:  0.951,  0.929,  0.034,  0.915,  0.926,  0.923
DUT-OMRON:  0.833,  0.791,  0.046,  0.780,  0.881,  0.850
The method is 2023_03_04_14_48_56_78
DUTS:  0.904,  0.867,  0.031,  0.862,  0.915,  0.900
HKU-IS:  0.945,  0.923,  0.026,  0.913,  0.957,  0.925
PASCAL-S:  0.878,  0.843,  0.063,  0.826,  0.858,  0.853
ECSSD:  0.951,  0.930,  0.034,  0.916,  0.925,  0.923
DUT-OMRON:  0.832,  0.791,  0.047,  0.778,  0.879,  0.848
The method is 2023_03_04_14_48_56_77
DUTS:  0.908,  0.869,  0.030,  0.865,  0.918,  0.901
HKU-IS:  0.945,  0.922,  0.026,  0.911,  0.956,  0.923
PASCAL-S:  0.879,  0.844,  0.063,  0.826,  0.860,  0.855
ECSSD:  0.952,  0.929,  0.035,  0.915,  0.926,  0.922
DUT-OMRON:  0.835,  0.793,  0.046,  0.780,  0.881,  0.849
The method is 2023_03_04_14_48_56_76
DUTS:  0.908,  0.872,  0.031,  0.865,  0.919,  0.900
HKU-IS:  0.945,  0.924,  0.026,  0.912,  0.957,  0.923
PASCAL-S:  0.879,  0.844,  0.064,  0.825,  0.862,  0.853
ECSSD:  0.951,  0.928,  0.036,  0.913,  0.924,  0.920
DUT-OMRON:  0.833,  0.793,  0.045,  0.779,  0.880,  0.847
The method is 2023_03_04_14_48_56_75
DUTS:  0.908,  0.870,  0.031,  0.865,  0.919,  0.902
HKU-IS:  0.945,  0.923,  0.026,  0.911,  0.957,  0.924
PASCAL-S:  0.877,  0.842,  0.063,  0.824,  0.859,  0.854
ECSSD:  0.951,  0.929,  0.035,  0.914,  0.925,  0.921
DUT-OMRON:  0.833,  0.792,  0.046,  0.779,  0.882,  0.850
The method is 2023_03_04_14_48_56_74
DUTS:  0.906,  0.866,  0.031,  0.863,  0.916,  0.901
HKU-IS:  0.945,  0.921,  0.026,  0.912,  0.957,  0.924
PASCAL-S:  0.878,  0.842,  0.063,  0.825,  0.858,  0.854
ECSSD:  0.951,  0.928,  0.034,  0.915,  0.925,  0.922
DUT-OMRON:  0.834,  0.790,  0.047,  0.778,  0.881,  0.851
The method is 2023_03_04_14_48_56_73
DUTS:  0.907,  0.868,  0.031,  0.865,  0.918,  0.902
HKU-IS:  0.945,  0.923,  0.026,  0.913,  0.957,  0.925
PASCAL-S:  0.878,  0.841,  0.063,  0.825,  0.859,  0.855
ECSSD:  0.952,  0.931,  0.033,  0.917,  0.928,  0.924
DUT-OMRON:  0.835,  0.793,  0.047,  0.781,  0.883,  0.852
The method is 2023_03_04_14_48_56_72
DUTS:  0.906,  0.867,  0.031,  0.864,  0.918,  0.902
HKU-IS:  0.945,  0.923,  0.025,  0.913,  0.958,  0.926
PASCAL-S:  0.878,  0.842,  0.063,  0.826,  0.861,  0.855
ECSSD:  0.952,  0.930,  0.034,  0.917,  0.927,  0.924
DUT-OMRON:  0.834,  0.791,  0.047,  0.779,  0.882,  0.851
The method is 2023_03_04_14_48_56_71
DUTS:  0.906,  0.868,  0.031,  0.863,  0.917,  0.900
HKU-IS:  0.945,  0.922,  0.026,  0.911,  0.957,  0.923
PASCAL-S:  0.879,  0.843,  0.064,  0.825,  0.858,  0.853
ECSSD:  0.952,  0.928,  0.035,  0.914,  0.925,  0.922
DUT-OMRON:  0.833,  0.791,  0.047,  0.779,  0.881,  0.850
The method is 2023_03_04_14_48_56_70
DUTS:  0.899,  0.858,  0.033,  0.856,  0.911,  0.899
HKU-IS:  0.945,  0.922,  0.025,  0.914,  0.959,  0.927
PASCAL-S:  0.876,  0.838,  0.063,  0.824,  0.857,  0.855
ECSSD:  0.951,  0.931,  0.033,  0.919,  0.929,  0.926
DUT-OMRON:  0.832,  0.786,  0.050,  0.776,  0.879,  0.851
The method is 2023_03_04_14_48_56_69
DUTS:  0.907,  0.867,  0.031,  0.863,  0.918,  0.900
HKU-IS:  0.945,  0.922,  0.026,  0.911,  0.956,  0.924
PASCAL-S:  0.878,  0.841,  0.065,  0.822,  0.861,  0.852
ECSSD:  0.951,  0.928,  0.035,  0.914,  0.925,  0.922
DUT-OMRON:  0.830,  0.788,  0.045,  0.776,  0.878,  0.846
The method is 2023_03_04_14_48_56_68
DUTS:  0.910,  0.872,  0.030,  0.866,  0.921,  0.901
HKU-IS:  0.944,  0.921,  0.026,  0.909,  0.954,  0.921
PASCAL-S:  0.879,  0.844,  0.065,  0.823,  0.861,  0.852
ECSSD:  0.950,  0.925,  0.036,  0.910,  0.923,  0.918
DUT-OMRON:  0.829,  0.787,  0.044,  0.773,  0.876,  0.842
The method is 2023_03_04_14_48_56_67
DUTS:  0.909,  0.869,  0.030,  0.865,  0.919,  0.901
HKU-IS:  0.944,  0.921,  0.026,  0.910,  0.955,  0.922
PASCAL-S:  0.879,  0.843,  0.063,  0.825,  0.862,  0.854
ECSSD:  0.951,  0.927,  0.035,  0.913,  0.925,  0.921
DUT-OMRON:  0.832,  0.789,  0.045,  0.776,  0.878,  0.845
The method is 2023_03_04_14_48_56_66
DUTS:  0.909,  0.869,  0.030,  0.865,  0.920,  0.902
HKU-IS:  0.944,  0.921,  0.026,  0.910,  0.955,  0.922
PASCAL-S:  0.879,  0.842,  0.064,  0.824,  0.861,  0.853
ECSSD:  0.951,  0.926,  0.035,  0.912,  0.924,  0.921
DUT-OMRON:  0.833,  0.789,  0.045,  0.776,  0.879,  0.847
The method is 2023_03_04_14_48_56_65
DUTS:  0.908,  0.868,  0.031,  0.864,  0.918,  0.900
HKU-IS:  0.944,  0.920,  0.027,  0.909,  0.955,  0.921
PASCAL-S:  0.878,  0.842,  0.064,  0.823,  0.859,  0.853
ECSSD:  0.951,  0.924,  0.036,  0.910,  0.922,  0.919
DUT-OMRON:  0.830,  0.786,  0.045,  0.774,  0.876,  0.844
The method is 2023_03_04_14_48_56_64
DUTS:  0.908,  0.871,  0.030,  0.865,  0.919,  0.901
HKU-IS:  0.944,  0.923,  0.026,  0.911,  0.956,  0.923
PASCAL-S:  0.878,  0.843,  0.063,  0.826,  0.860,  0.855
ECSSD:  0.951,  0.927,  0.035,  0.913,  0.924,  0.921
DUT-OMRON:  0.832,  0.789,  0.045,  0.776,  0.878,  0.846
The method is 2023_03_04_14_48_56_63
DUTS:  0.909,  0.870,  0.030,  0.865,  0.919,  0.901
HKU-IS:  0.944,  0.922,  0.026,  0.911,  0.956,  0.923
PASCAL-S:  0.878,  0.843,  0.063,  0.826,  0.860,  0.855
ECSSD:  0.951,  0.927,  0.035,  0.913,  0.924,  0.921
DUT-OMRON:  0.831,  0.790,  0.045,  0.776,  0.878,  0.845
The method is 2023_03_04_14_48_56_62
DUTS:  0.909,  0.870,  0.030,  0.864,  0.919,  0.900
HKU-IS:  0.943,  0.920,  0.027,  0.908,  0.954,  0.921
PASCAL-S:  0.879,  0.843,  0.064,  0.824,  0.859,  0.853
ECSSD:  0.950,  0.924,  0.036,  0.909,  0.923,  0.917
DUT-OMRON:  0.830,  0.788,  0.045,  0.773,  0.876,  0.842
The method is 2023_03_04_14_48_56_61
DUTS:  0.906,  0.867,  0.031,  0.863,  0.916,  0.902
HKU-IS:  0.945,  0.922,  0.025,  0.913,  0.957,  0.925
PASCAL-S:  0.879,  0.841,  0.062,  0.826,  0.856,  0.855
ECSSD:  0.953,  0.930,  0.032,  0.918,  0.926,  0.926
DUT-OMRON:  0.833,  0.789,  0.048,  0.777,  0.878,  0.849
The method is 2023_03_04_14_48_56_60
DUTS:  0.907,  0.867,  0.031,  0.863,  0.917,  0.901
HKU-IS:  0.944,  0.921,  0.026,  0.911,  0.956,  0.924
PASCAL-S:  0.878,  0.840,  0.063,  0.824,  0.857,  0.854
ECSSD:  0.952,  0.928,  0.034,  0.915,  0.925,  0.923
DUT-OMRON:  0.830,  0.787,  0.046,  0.775,  0.876,  0.845
The method is 2023_03_04_14_48_56_59
DUTS:  0.909,  0.869,  0.030,  0.865,  0.919,  0.901
HKU-IS:  0.944,  0.921,  0.027,  0.910,  0.955,  0.922
PASCAL-S:  0.879,  0.842,  0.064,  0.822,  0.858,  0.852
ECSSD:  0.952,  0.926,  0.035,  0.912,  0.924,  0.920
DUT-OMRON:  0.833,  0.789,  0.045,  0.776,  0.879,  0.847
The method is 2023_03_04_14_48_56_58
DUTS:  0.906,  0.867,  0.031,  0.862,  0.917,  0.900
HKU-IS:  0.945,  0.923,  0.026,  0.912,  0.957,  0.925
PASCAL-S:  0.879,  0.842,  0.064,  0.823,  0.858,  0.853
ECSSD:  0.951,  0.928,  0.034,  0.915,  0.925,  0.923
DUT-OMRON:  0.830,  0.788,  0.047,  0.775,  0.877,  0.846
The method is 2023_03_04_14_48_56_57
DUTS:  0.907,  0.867,  0.031,  0.863,  0.917,  0.902
HKU-IS:  0.945,  0.921,  0.026,  0.912,  0.957,  0.925
PASCAL-S:  0.879,  0.841,  0.063,  0.824,  0.857,  0.854
ECSSD:  0.951,  0.929,  0.033,  0.916,  0.926,  0.924
DUT-OMRON:  0.831,  0.787,  0.047,  0.776,  0.877,  0.848
The method is 2023_03_04_14_48_56_56
DUTS:  0.909,  0.868,  0.030,  0.865,  0.919,  0.902
HKU-IS:  0.944,  0.920,  0.026,  0.910,  0.955,  0.923
PASCAL-S:  0.879,  0.842,  0.064,  0.824,  0.859,  0.854
ECSSD:  0.951,  0.926,  0.035,  0.912,  0.923,  0.921
DUT-OMRON:  0.831,  0.786,  0.046,  0.773,  0.876,  0.845
The method is 2023_03_04_14_48_56_55
DUTS:  0.910,  0.872,  0.030,  0.865,  0.920,  0.901
HKU-IS:  0.943,  0.920,  0.027,  0.907,  0.953,  0.920
PASCAL-S:  0.879,  0.843,  0.065,  0.822,  0.861,  0.852
ECSSD:  0.951,  0.925,  0.036,  0.910,  0.923,  0.918
DUT-OMRON:  0.830,  0.788,  0.045,  0.772,  0.876,  0.843
The method is 2023_03_04_14_48_56_54
DUTS:  0.908,  0.869,  0.030,  0.864,  0.919,  0.900
HKU-IS:  0.943,  0.920,  0.027,  0.908,  0.954,  0.920
PASCAL-S:  0.880,  0.843,  0.064,  0.824,  0.860,  0.853
ECSSD:  0.951,  0.925,  0.036,  0.910,  0.924,  0.919
DUT-OMRON:  0.830,  0.786,  0.045,  0.772,  0.875,  0.843
The method is 2023_03_04_14_48_56_53
DUTS:  0.908,  0.869,  0.030,  0.865,  0.918,  0.901
HKU-IS:  0.943,  0.921,  0.026,  0.909,  0.955,  0.922
PASCAL-S:  0.881,  0.843,  0.064,  0.825,  0.858,  0.854
ECSSD:  0.951,  0.926,  0.035,  0.912,  0.924,  0.920
DUT-OMRON:  0.831,  0.788,  0.045,  0.774,  0.875,  0.844
The method is 2023_03_04_14_48_56_52
DUTS:  0.907,  0.866,  0.031,  0.862,  0.917,  0.900
HKU-IS:  0.944,  0.920,  0.027,  0.909,  0.955,  0.922
PASCAL-S:  0.880,  0.843,  0.063,  0.825,  0.859,  0.855
ECSSD:  0.951,  0.925,  0.036,  0.911,  0.923,  0.920
DUT-OMRON:  0.831,  0.786,  0.046,  0.773,  0.877,  0.845
The method is 2023_03_04_14_48_56_51
DUTS:  0.906,  0.865,  0.031,  0.862,  0.916,  0.901
HKU-IS:  0.945,  0.921,  0.026,  0.911,  0.956,  0.924
PASCAL-S:  0.879,  0.841,  0.063,  0.825,  0.857,  0.855
ECSSD:  0.951,  0.930,  0.034,  0.916,  0.927,  0.924
DUT-OMRON:  0.831,  0.787,  0.048,  0.775,  0.879,  0.848
The method is 2023_03_04_14_48_56_50
DUTS:  0.908,  0.868,  0.031,  0.863,  0.918,  0.901
HKU-IS:  0.944,  0.921,  0.027,  0.910,  0.955,  0.923
PASCAL-S:  0.881,  0.843,  0.064,  0.824,  0.858,  0.854
ECSSD:  0.952,  0.928,  0.035,  0.913,  0.925,  0.922
DUT-OMRON:  0.833,  0.790,  0.047,  0.775,  0.881,  0.849